128.96707153320312
126.9105453491211
126.93439483642578
132.24903869628906
133.05384826660156
137.80540466308594
140.3170928955078
144.67428588867188
154.4497528076172
154.1812286376953
160.82167053222656
166.1709442138672
175.12469482421875
1.7074476480484009
9.01528549194336
11.657718658447266
19.20645523071289
26.270172119140625
31.235280990600586
31.815467834472656
37.19687271118164
41.68428039550781
45.1286735534668
47.006126403808594
48.57865524291992
50.29905700683594
51.37106704711914
47.202117919921875
43.48969650268555
39.255558013916016
36.00250244140625
32.278076171875
24.842771530151367
14.689775466918945
13.518375396728516
2.9458730220794678
174.43386840820312
171.91322326660156
163.19725036621094
152.02377319335938
149.99769592285156
145.04747009277344
137.10272216796875
136.99562072753906
130.37185668945312
128.94432067871094
126.45446014404297
122.97657775878906
123.40023803710938
123.55677795410156
119.58211517333984
119.91429138183594
119.78536987304688
121.88408660888672
124.03374481201172
126.88402557373047
131.28465270996094
135.50860595703125
136.8995361328125
144.08128356933594
150.6775360107422
159.4329071044922
162.8324737548828
172.50006103515625
6.386777400970459
9.730595588684082
19.493701934814453
26.922571182250977
33.6818733215332
38.143035888671875
41.87470245361328
45.663883209228516
52.56242370605469
53.590843200683594
55.25377655029297
59.01227569580078
62.05058288574219
56.37307357788086
52.061676025390625
49.37110900878906
46.37997817993164
38.556373596191406
33.512489318847656
23.964773178100586
15.512852668762207
4.747120380401611
174.16458129882812
164.09426879882812
152.46078491210938
148.5
141.09231567382812
136.82725524902344
134.87257385253906
127.69458770751953
122.82861328125
122.45013427734375
119.03385925292969
114.72036743164062
115.76934814453125
114.58685302734375
114.08102416992188
111.34442138671875
111.69384765625
112.53671264648438
117.48236083984375
114.17758178710938
120.40247344970703
124.4971923828125
130.4371337890625
135.62437438964844
141.80404663085938
150.75054931640625
158.19398498535156
169.75462341308594
7.380026340484619
18.48639488220215
27.94399642944336
36.44516372680664
45.994117736816406
46.93034744262695
56.007713317871094
55.31815719604492
59.31916046142578
62.11883544921875
63.11519241333008
66.81757354736328
68.23545837402344
66.38020324707031
62.631080627441406
59.01639938354492
52.98704528808594
49.86369323730469
45.15800857543945
35.83382797241211
22.93441390991211
6.752198219299316
169.26641845703125
161.69664001464844
149.02578735351562
136.98519897460938
130.14122009277344
125.69336700439453
121.8942642211914
117.85602569580078
113.63457489013672
110.89134216308594
108.38439178466797
107.84142303466797
106.0818862915039
107.30341339111328
104.14427185058594
103.92655181884766
103.64912414550781
104.395263671875
107.55146789550781
108.58689880371094
109.5779037475586
110.99585723876953
114.1734619140625
121.15184783935547
129.22596740722656
137.27914428710938
149.86471557617188
166.26513671875
3.6470048427581787
32.904720306396484
37.61937713623047
52.351924896240234
60.12499237060547
60.672183990478516
68.61974334716797
70.35289764404297
68.2598876953125
73.76847076416016
72.79283142089844
77.93681335449219
77.20909118652344
80.34599304199219
75.29013061523438
72.63579559326172
76.46814727783203
68.07730102539062
62.2406120300293
50.121334075927734
40.55781173706055
20.293853759765625
166.28652954101562
141.55105590820312
127.66047668457031
110.90203094482422
114.90375518798828
110.70323181152344
104.0025634765625
106.31546020507812
101.14602661132812
102.8597183227539
101.14689636230469
98.6673583984375
98.42284393310547
100.83642578125
96.87519836425781
93.84037017822266
94.23301696777344
95.15901184082031
93.30488586425781
92.94380187988281
93.01879119873047
93.61787414550781
93.6444091796875
98.72611236572266
100.40546417236328
106.18721008300781
None
None
None
None
70.4144058227539
79.1161880493164
79.70597839355469
83.6033706665039
81.64686584472656
84.39822387695312
84.04537200927734
86.60652923583984
84.98892974853516
87.61808776855469
97.72925567626953
91.87334442138672
92.08659362792969
92.37599182128906
95.1977310180664
88.93408203125
91.8986587524414
96.22909545898438
96.83140563964844
None
None
None
84.68926239013672
89.27701568603516
88.16957092285156
86.99671936035156
86.08476257324219
88.15800476074219
89.51950073242188
89.7190170288086
86.04435729980469
89.55723571777344
89.38818359375
90.74980926513672
84.26282501220703
85.47053527832031
83.96753692626953
79.96302795410156
86.5086441040039
82.85971069335938
81.76466369628906
78.89877319335938
73.2584228515625
74.78771209716797
65.36614990234375
62.64335632324219
52.051841735839844
None
None
127.16315460205078
111.90007781982422
107.65450286865234
106.67337799072266
100.8282241821289
101.79166412353516
105.02316284179688
99.68706512451172
96.24099731445312
98.26752471923828
104.4862289428711
105.2154769897461
103.95104217529297
105.4565200805664
106.6954116821289
109.65078735351562
114.24066162109375
120.33157348632812
122.6924057006836
141.2810821533203
166.0538787841797
2.9458789825439453
30.418794631958008
42.37377166748047
57.511314392089844
63.98463821411133
68.04657745361328
71.71630096435547
74.2528305053711
76.59638977050781
74.13124084472656
79.76091003417969
79.25015258789062
80.47573852539062
78.79459381103516
74.47962188720703
74.34812927246094
76.14033508300781
71.88382720947266
70.41227722167969
69.43243408203125
68.70899963378906
67.2546157836914
59.910377502441406
55.27578353881836
48.536048889160156
38.37226104736328
30.546749114990234
8.663259506225586
170.33189392089844
154.94549560546875
144.24368286132812
132.5989227294922
125.36058044433594
116.29383850097656
115.22474670410156
111.7204818725586
109.7171401977539
111.353759765625
109.24874877929688
110.56110382080078
110.07555389404297
115.69967651367188
116.9993667602539
121.03340148925781
124.001708984375
129.16452026367188
136.64610290527344
147.5347442626953
156.03504943847656
167.5821075439453
173.14820861816406
14.705527305603027
28.608673095703125
39.96329879760742
48.627532958984375
50.832088470458984
56.15740203857422
62.176116943359375
62.40519332885742
64.75688171386719
67.99759674072266
70.04254150390625
69.53008270263672
69.17781829833984
66.94084167480469
68.31885528564453
65.68629455566406
62.26066207885742
59.9656867980957
58.071868896484375
56.18632888793945
54.62157440185547
46.855255126953125
40.33391189575195
34.84886932373047
25.15813636779785
16.206209182739258
4.947307109832764
173.60256958007812
160.22499084472656
156.87722778320312
143.5084228515625
135.5907745361328
129.75787353515625
128.5708465576172
123.95709228515625
110.14669799804688
118.975830078125
114.41192626953125
120.34661865234375
119.65848541259766
125.93359375
126.22167205810547
132.0388641357422
135.0770263671875
136.57858276367188
146.02334594726562
154.79640197753906
161.71063232421875
169.93399047851562
1.2750993967056274
14.115608215332031
19.78877830505371
28.1575984954834
32.9784049987793
39.10095977783203
45.579166412353516
47.293792724609375
47.47039794921875
55.107505798339844
57.05854797363281
60.69329833984375
60.56928253173828
63.80458450317383
56.40027618408203
51.60054016113281
52.797489166259766
54.07291030883789
51.906105041503906
51.123069763183594
44.77269744873047
43.482383728027344
37.83309555053711
35.228355407714844
24.552248001098633
18.114166259765625
10.529605865478516
2.2271323204040527
177.9885711669922
168.39340209960938
160.70945739746094
152.2841339111328
143.5845184326172
142.83168029785156
138.50270080566406
131.5646209716797
131.41488647460938
125.22273254394531
123.88159942626953
127.1255111694336
130.643798828125
125.93474578857422
137.75926208496094
139.219482421875
144.77688598632812
151.5985870361328
154.70281982421875
156.72032165527344
166.5887451171875
171.59503173828125
2.574686050415039
7.339414119720459
14.851630210876465
18.647314071655273
28.5772705078125
35.95650863647461
37.089683532714844
40.43616485595703
45.266170501708984
46.95931625366211
49.54544448852539
52.194557189941406
53.118900299072266
53.44208908081055
49.665645599365234
44.317317962646484
44.85200881958008
48.28809356689453
45.80240249633789
42.16727066040039
38.79057693481445
34.64402389526367
30.173046112060547
27.01376724243164
21.27615737915039
15.892447471618652
10.121170043945312
4.269842624664307
176.2578582763672
171.38916015625
164.7542266845703
158.85330200195312
152.5171661376953
146.35498046875
143.58975219726562
138.8008575439453
136.97305297851562
130.66783142089844
131.73321533203125
133.60166931152344
134.04225158691406
142.1056671142578
140.68089294433594
144.2883758544922
150.31692504882812
151.19483947753906
156.943603515625
163.76829528808594
168.7039337158203
173.36825561523438
0.14463016390800476
7.352807521820068
7.2622833251953125
16.896488189697266
23.288827896118164
26.16268539428711
32.82378387451172
35.8929557800293
38.8702278137207
41.06577682495117
44.369667053222656
47.83064270019531
45.34994888305664
44.02248001098633
45.79240036010742
45.77481460571289
46.45750427246094
44.23567581176758
41.46714782714844
38.82434844970703
32.6337776184082
32.433719635009766
27.262065887451172
21.228557586669922
20.59604835510254
12.36717700958252
5.510109901428223
3.7989768981933594
176.18359375
165.87982177734375
165.33018493652344
160.5518341064453
156.7522430419922
151.3778533935547
147.46435546875
141.61328125
138.28858947753906
134.92526245117188
137.2677001953125
135.2747344970703
134.51885986328125
139.26406860351562
141.3026123046875
147.1209259033203
150.97494506835938
153.2869873046875
159.2793426513672
162.47044372558594
168.27467346191406
174.12966918945312
178.20323181152344
3.636517286300659
6.475686073303223
18.705224990844727
21.307966232299805
26.153188705444336
29.681612014770508
34.837249755859375
37.38539505004883
41.10663604736328
45.05049133300781
45.719051361083984
44.351234436035156
45.66672134399414
44.68972396850586
44.635719299316406
45.19497299194336
44.332271575927734
41.471519470214844
38.08519744873047
32.28023147583008
32.32321548461914
27.320959091186523
21.908935546875
17.69715690612793
12.655301094055176
5.237857818603516
2.5314745903015137
176.16934204101562
164.450927734375
164.57957458496094
157.51068115234375
155.3364715576172
151.287353515625
147.32850646972656
141.40528869628906
138.03085327148438
135.21432495117188
133.37921142578125
134.28814697265625
135.7896270751953
141.75820922851562
142.7479248046875
146.4508056640625
150.02450561523438
153.32577514648438
158.11695861816406
162.3333282470703
167.79554748535156
175.0142364501953
179.74163818359375
4.870389461517334
6.809068202972412
17.892425537109375
21.416757583618164
26.518877029418945
37.19900131225586
34.61180114746094
37.23234558105469
42.517799377441406
45.39896011352539
45.401145935058594
46.52371597290039
46.61935043334961
