3256
3385
4124
4420
4405
4344
4583
4478
6213
3848
3404
4278
3868
3970
4671
3975
3964
4009
5524
4752
4931
4072
4527
4978
4293
4540
4323
4697
4739
4965
4266
4394
4152
3863
4096
4308
4864
4189
4078
4654
3345
4004
4527
5096
4713
4334
3920
4453
3577
3567
4790
4013
4684
4189
4892
4968
4844
3634
4469
4510
4346
5087
4690
4056
4984
4600
4545
4401
4411
4018
4123
4834
5099
5290
3566
3916
5939
5310
3986
4238
4383
4810
5177
4884
4621
5819
4635
4332
4743
4284
5101
4811
3891
4083
5187
5244
5096
4249
3606
3563
5015
4617
4128
5023
5022
4714
4142
4139
4208
5208
5789
5663
6008
5839
5753
4994
4594
5288
5245
4376
4370
3973
4759
5125
4923
4990
5573
4416
4365
4917
4914
4768
5305
5928
5665
5950
6780
6136
6298
6229
5355
5583
4655
4743
4101
4823
4930
5087
4968
5197
4873
4462
4877
4430
4593
4158
4954
5198
6148
6671
6682
6474
6723
5751
6188
6568
6708
5906
6075
4925
4951
4168
3809
5423
5344
5519
5687
4127
4089
4337
5289
5691
6428
6199
6066
8041
7973
8122
8181
7106
6889
5644
5911
5213
5092
3997
5126
4580
4346
4414
4615
3533
4401
4700
4366
4380
5015
5447
5595
5607
6016
6813
10472
23029
31263
18899
5499
7194
5621
5392
4361
4822
4544
4619
6089
6706
6613
4255
4801
4829
5434
5748
6116
6816
9306
146029
147458
20229
8249
7036
6433
5669
5516
4576
4106
4264
5740
4067
4673
4645
3749
3501
3858
5997
4077
4672
5101
5225
5869
5875
7025
6074
7266
16188
15662
6940
6705
6322
6167
5543
5475
5462
4365
4640
6492
6410
6439
4456
4291
4852
4891
5120
4985
5858
5038
6643
6701
6401
5580
6035
6275
6319
5322
4610
4009
3697
5333
4960
4851
4922
4773
3932
4525
4659
4068
4369
4637
5118
5506
5500
5804
5678
5728
6302
5726
5588
4970
5427
4828
4480
4315
4590
4205
5399
6120
5932
6736
5123
4649
4239
4445
4407
5016
4662
5165
4923
5448
5095
5291
4886
5253
5208
4672
4649
3926
4976
5466
4827
4552
4630
3782
3511
3675
4688
4826
4818
4077
4846
3623
4930
5541
4808
5092
4728
5176
4989
4955
4799
5017
4407
4302
4199
6245
5795
5302
5718
5872
5596
5822
4155
4422
4172
4306
4582
3996
3944
4369
4208
4889
4703
4721
4405
4450
4375
4857
5147
4198
3754
3005
3033
4365
4205
4179
4466
4359
4650
5184
4629
3871
4373
4661
4461
4917
4216
4519
3879
4054
3947
3626
4040
4377
5740
5197
5037
5892
4995
5482
6749
5711
6503
5334
4114
3573
3981
3540
4674
3970
3655
3835
4373
3970
4793
4590
4535
4818
4215
3743
4015
3367
3376
4018
4370
4245
3963
4109
4207
4186
4807
4119
4944
5181
3454
3518
3462
3906
4555
4141
4853
5512
5720
5821
5204
5311
5980
4799
5055
5014
5589
5367
5911
4747
5925
5700
5016
5534
4836
5061
4625
5950
4702
4423
5355
4810
4440
4238
3632
4590
3714
3517
3448
3412
3413
3393
4448
3684
3953
4484
5061
4787
4624
5315
5242
5597
4963
5268
5961
5322
5929
5920
5264
5102
5564
5878
4588
4686
5104
4337
5834
5831
5266
5137
5681
5424
5707
5638
5008
4682
5224
5361
4501
5110
4720
5531
4027
4324
3721
4334
3295
3423
3358
3478
3454
3491
4639
3520
3971
4540
5120
4635
4656
4671
5313
5759
4863
5110
5935
5687
6316
5948
5186
5364
5824
5978
4517
5053
5147
4330
6373
5521
5366
5137
5488
5765
5590
5590
5187
4811
5120
5409
4429
4925
4775
5705
4139
4371
3737
4377
3378
3388
3491
